$Generated by GetData Graph Digitizer 2.26.0.20 on February 08 2019, 16:17
$from file 'E:\Python\CALPHAD\2001Chen&Sundman-JPE631_HeatCapacityFe.jpg'
$ T, K Cp, J/mole/K
41.908 1.6692
48.024 3.4214
96.944 17.355
133.41 25.198
163.80 31.707
182.19 37.547
188.84 45.473
195.19 49.979
206.02 37.047
211.39 30.122
234.96 26.618
270.68 25.701
360.17 25.619
467.64 26.455
616.93 27.876
754.37 30.381
873.94 33.137
951.68 35.224
1035.4 37.478
1125.1 39.816
1220.7 41.986
1328.3 44.074
1477.6 45.912
1614.9 46.832
1799.9 47.252
1907.3 47.087
2026.6 46.756
2175.7 46.341
2366.6 45.677
2515.7 45.178
2706.6 44.764
2831.9 44.600
2969.1 44.435
3142.2 44.355
3339.1 44.358
3536.0 44.528
3738.9 44.782
3959.6 45.119
4168.5 45.623
4317.7 45.876
4592.2 46.631
4813.0 47.219
4998.1 47.806