$Generated by GetData Graph Digitizer 2.26.0.20 on February 12 2019, 01:41
$from file 'E:\Python\TC-Python\@@experiences\2StatesModel\getdata\2001Chen&Sundman-JPE631_H_2.jpg'
$
$ T, K H
10.088 10100.7
48.423 10100.7
76.670 10453.4
115.00 11070.5
141.23 11775.8
169.48 12657.4
195.71 13803.5
225.97 14508.8
254.22 15478.5
286.50 16183.8
314.75 16889.1
347.03 17682.6
375.28 18387.9
403.53 19181.3
437.83 20151.1
466.07 20856.4
498.36 21649.8
522.57 22355.1
556.87 23148.6
587.13 24118.3
615.38 24911.8
641.61 25617.1
673.89 26586.9
702.14 27292.1
726.35 28085.6
758.63 29143.5
786.88 30025.1
811.09 30730.4
841.36 31612.0
869.60 32670.0
901.89 33551.6
926.10 34433.2
952.33 35491.1
980.58 36372.7
1010.8 37430.7
1033.0 38312.3
1059.2 39282.1
1085.4 40428.2
1113.7 41309.8
1137.9 42279.5
1164.1 43425.6
1188.3 44307.3
1212.6 45453.4
1240.8 46511.3
1261.0 47481.1
1287.2 48539.0
1313.4 49685.1
1337.7 50831.2
1363.9 51889.1
1384.1 53035.2
1410.3 54093.1
1432.5 55062.9
1456.7 56209.0
1480.9 57355.1
1509.2 58501.2
1529.3 59647.3
1632.3 64261.6
1683.9 66623.9
1728.4 68681.4
1787.1 71424.6
1918.5 77748.9
2061.1 84454.4
2162.3 89178.9
2294.8 95351.2
2393.9 99923.3